R matrix mean with 10 samples with 3000 galaxies each :

 5364.0815    -69.8149  -2698.5669     -0.8520      1.1291     -9.3002     -0.2617      0.4753     12.2812
  -69.8149   7427.2573   2281.9016      3.5365      1.4678      1.1893      1.8313    -14.6669    -10.3417
-2698.5669   2281.9016  47452.5552     30.5791      3.4885     18.3653     17.1759     -1.9243   -211.5974
   -0.8520      3.5365     30.5791      0.1381      0.0065      0.0121      0.0563     -0.0072     -0.0968
    1.1291      1.4678      3.4885      0.0065      0.0369     -0.0027      0.0068      0.0031     -0.0155
   -9.3002      1.1893     18.3653      0.0121     -0.0027      0.0932      0.0155      0.0021     -0.0752
   -0.2617      1.8313     17.1759      0.0563      0.0068      0.0155      0.1553      0.0029     -0.0429
    0.4753    -14.6669     -1.9243     -0.0072      0.0031      0.0021      0.0029      0.1051      0.0135
   12.2812    -10.3417   -211.5974     -0.0968     -0.0155     -0.0752     -0.0429      0.0135      1.1493
R matrix ecart-type : 

   86.5085    255.8762    393.6666      0.6270      0.5397      0.6300      0.7814      0.6718      2.2583
  255.8762    210.3060    797.7257      1.4132      0.7095      0.7183      1.6167      1.0246      3.8139
  393.6666    797.7257   3490.0791      2.1432      1.2259      3.0798      4.2296      4.0463     19.3771
    0.6270      1.4132      2.1432      0.0114      0.0026      0.0048      0.0046      0.0075      0.0101
    0.5397      0.7095      1.2259      0.0026      0.0026      0.0035      0.0025      0.0027      0.0070
    0.6300      0.7183      3.0798      0.0048      0.0035      0.0052      0.0034      0.0037      0.0150
    0.7814      1.6167      4.2296      0.0046      0.0025      0.0034      0.0107      0.0116      0.0252
    0.6718      1.0246      4.0463      0.0075      0.0027      0.0037      0.0116      0.0089      0.0228
    2.2583      3.8139     19.3771      0.0101      0.0070      0.0150      0.0252      0.0228      0.1167
R matrix standard error on the mean :

   27.3564     80.9152    124.4883      0.1983      0.1707      0.1992      0.2471      0.2124      0.7141
   80.9152     66.5046    252.2630      0.4469      0.2244      0.2272      0.5112      0.3240      1.2061
  124.4883    252.2630   1103.6599      0.6777      0.3877      0.9739      1.3375      1.2795      6.1276
    0.1983      0.4469      0.6777      0.0036      0.0008      0.0015      0.0015      0.0024      0.0032
    0.1707      0.2244      0.3877      0.0008      0.0008      0.0011      0.0008      0.0009      0.0022
    0.1992      0.2272      0.9739      0.0015      0.0011      0.0016      0.0011      0.0012      0.0047
    0.2471      0.5112      1.3375      0.0015      0.0008      0.0011      0.0034      0.0037      0.0080
    0.2124      0.3240      1.2795      0.0024      0.0009      0.0012      0.0037      0.0028      0.0072
    0.7141      1.2061      6.1276      0.0032      0.0022      0.0047      0.0080      0.0072      0.0369
(R_Fei - R_mean) / R_error :

   -4.2111      0.1386     -0.2176     -1.2155     -0.5574      1.3461     -0.3859     -1.5170      0.4030
    0.1386     -5.7005     -1.1216     -0.4486     -2.2007     -1.6302     -1.4129      3.2805      1.0975
   -0.2176     -1.1216     -1.8283     -0.8146     -0.2849      0.5716      0.5787      1.3992      1.3900
   -1.2155     -0.4486     -0.8146      0.5364     -1.7988     -0.0458      3.1877      0.9120      1.1959
   -0.5574     -2.2007     -0.2849     -1.7988     -1.0590      0.6650     -2.3126     -0.0933     -0.2209
    1.3461     -1.6302      0.5716     -0.0458      0.6650     -4.9554     -1.3744      0.7987     -2.0750
   -0.3859     -1.4129      0.5787      3.1877     -2.3126     -1.3744     -0.9811      0.0354      0.1093
   -1.5170      3.2805      1.3992      0.9120     -0.0933      0.7987      0.0354     -2.5298     -2.2968
    0.4030      1.0975      1.3900      1.1959     -0.2209     -2.0750      0.1093     -1.4631     -1.2559
